calib_time: 20180716
corner_dist: 1.000000e-01
S_101: 1.920000e+03 1.200000e+03
K_101: 2.069500e+03 -2.000000e-01 9.741000e+02 0.000000e+00 2.068300e+03 5.900000e+02 0.000000e+00 0.000000e+00 1.000000e+00
D_101: -8.670000e-02 1.069000e-01 1.400000e-03 5.000000e-04 0.000000e+00
R_101: 1.000000e+00 0.000000e+00 0.000000e+00 0.000000e+00 1.000000e+00 0.000000e+00 0.000000e+00 0.000000e+00 1.000000e+00 
T_101: 0.000000e+00 0.000000e+00 0.000000e+00
S_rect_101: 1.762000e+03 8.000000e+02
P_rect_101: 2.013876e+03 0.000000e+00 9.060471e+02 0.000000e+00 0.000000e+00 2.013876e+03 3.975780e+02 0.000000e+00 0.000000e+00 0.000000e+00 1.000000e+00 0.000000e+00
R_rect_101: 9.996298e-01 2.083336e-02 -1.750011e-02 -2.091269e-02 9.997718e-01 -4.362694e-03 1.740523e-02 4.727053e-03 9.998373e-01
S_103: 1.920000e+03 1.200000e+03
K_103: 2.069100e+03 0.000000e+00 9.706000e+02 0.000000e+00 2.068100e+03 6.007000e+02 0.000000e+00 0.000000e+00 1.000000e+00
D_103: -8.750000e-02 1.216000e-01 1.400000e-03 2.000000e-04 0.000000e+00
R_103: 9.995000e-01 2.060000e-02 -2.320000e-02 -2.080000e-02 9.997000e-01 -8.900000e-03 2.300000e-02 9.400000e-03 9.997000e-01
T_103: -5.449333e-01 -1.009000e-04 -3.105000e-03
S_rect_103: 1.762000e+03 8.000000e+02
P_rect_103: 2.013876e+03 0.000000e+00 9.060471e+02 -1.097446e+03 0.000000e+00 2.013876e+03 3.975780e+02 0.000000e+00 0.000000e+00 0.000000e+00 1.000000e+00 0.000000e+00
R_rect_103: 9.999837e-01 1.851573e-04 5.697852e-03 -2.110539e-04 9.999896e-01 4.544712e-03 -5.696952e-03 -4.545840e-03 9.999734e-01
